1.000,0.000,0.000,0.000,1.000,0.000,-0.000,0.000,1.000,0.000,0.000,0.000,
0.999,0.000,-0.035,-0.000,1.000,-0.000,0.035,0.000,0.999,-6.780,-0.075,-0.028,
0.998,0.001,-0.069,-0.001,1.000,-0.001,0.069,0.001,0.998,-13.528,-0.162,0.182,
0.995,0.002,-0.104,-0.002,1.000,-0.001,0.104,0.001,0.995,-20.242,-0.273,0.630,
0.990,0.003,-0.138,-0.003,1.000,-0.001,0.138,0.001,0.990,-26.916,-0.414,1.316,
0.985,0.004,-0.172,-0.004,1.000,-0.001,0.172,0.002,0.985,-33.545,-0.589,2.238,
0.978,0.005,-0.206,-0.006,1.000,-0.002,0.206,0.003,0.978,-40.122,-0.801,3.396,
0.971,0.007,-0.240,-0.007,1.000,-0.002,0.240,0.004,0.971,-46.640,-1.052,4.787,
0.962,0.008,-0.273,-0.009,1.000,-0.002,0.273,0.005,0.962,-53.093,-1.342,6.410,
0.952,0.009,-0.306,-0.011,1.000,-0.003,0.306,0.006,0.952,-59.472,-1.671,8.262,
